TierID,LevelID,AreaID,Enabled,EnemyIDs,TicketCost,XPClanReward,XPPlayerReward,WildCardPlayerReward,CardPlayerReward,ScrollPlayerReward,FortuneScrollPlayerReward,HolidayCurrencyPerAttack,AttacksPerReset,BaseHP,TitanCount,HasArmor,AreaBonuses,EnemyBonuses,EnchantedArmour,BattleScarEffect,BucketsOfDamage,TotalHP
1,1,Area1,TRUE,"Enemy5,Enemy2",0,33,25,16,6,1,0,5,3,4.60E+05,3,FALSE,0,0,0,1,0,1.38E+06
1,2,Area2,TRUE,"Enemy5,Enemy3",0,36,30,24,12,1,0,5,3,5.68E+05,4,FALSE,0,0,0,1,0,2.27E+06
1,3,Area3,TRUE,"Enemy2,Enemy3",0,41,50,24,18,1,0,5,3,8.42E+05,5,FALSE,0,0,0,1,0,4.21E+06
1,4,Area4,TRUE,"Enemy5,Enemy2",0,43,75,24,24,2,0,5,3,1.20E+06,6,FALSE,0,0,0,1,0,7.18E+06
1,5,Area1,TRUE,"Enemy5,Enemy3",0,51,85,50,30,2,0,5,3,2.88E+06,4,FALSE,0,0,0,1,0,1.15E+07
1,6,Area2,TRUE,"Enemy5,Enemy2",0,56,95,50,36,2,1,5,3,3.50E+06,5,FALSE,0,0,0,1,0,1.75E+07
1,7,Area3,TRUE,"Enemy2,Enemy3",0,68,105,80,42,2,1,5,3,7.43E+06,3,FALSE,0,0,0,1,0,2.23E+07
1,8,Area4,TRUE,"Enemy5,Enemy3",0,74,115,80,48,3,1,5,3,7.03E+06,4,FALSE,0,0,0,1,0,2.81E+07
1,9,Area1,TRUE,"Enemy5,Enemy2",0,84,125,110,54,3,1,5,3,4.36E+06,8,FALSE,0,0,0,1,0,3.49E+07
1,10,Area2,TRUE,"Enemy5,Enemy2,Enemy3",0,92,135,110,60,4,1,5,3,5.35E+06,8,FALSE,0,0,0,1,0,4.28E+07
2,1,Area3,TRUE,"Enemy1,Enemy2,Enemy4",0,116,165,120,80,4,2,5,4,6.43E+06,4,TRUE,0,0,0,1,0,2.57E+07
2,2,Area4,TRUE,"Enemy1,Enemy3,Enemy6",0,126,175,122,82,4,2,5,4,6.58E+06,5,TRUE,0,0,0,1,0,3.29E+07
2,3,Area1,TRUE,"Enemy3,Enemy4,Enemy6",0,130,185,123,83,4,2,5,4,1.05E+07,4,TRUE,0,0,0,1,0,4.21E+07
2,4,Area2,TRUE,"Enemy1,Enemy4,Enemy6",0,134,195,124,85,4,2,5,4,1.08E+07,5,TRUE,0,0,0,1,0,5.39E+07
2,5,Area3,TRUE,"Enemy2,Enemy3,Enemy4",0,138,205,125,86,4,2,5,4,1.37E+07,5,TRUE,0,0,0,1,0,6.87E+07
2,6,Area4,TRUE,"Enemy3,Enemy5,Enemy6",0,142,215,126,88,4,2,5,4,1.47E+07,6,TRUE,0,0,0,1,0,8.80E+07
2,7,Area1,TRUE,"Enemy2,Enemy4,Enemy6",0,146,225,128,90,5,2,5,4,1.57E+07,7,TRUE,0,0,0,1,0,1.10E+08
2,8,Area2,TRUE,"Enemy2,Enemy3,Enemy5",0,150,235,129,91,5,2,5,4,1.73E+07,8,TRUE,0,0,0,1,0,1.38E+08
2,9,Area3,TRUE,"Enemy1,Enemy3,Enemy5",0,154,245,130,93,5,2,5,4,2.47E+07,7,TRUE,0,0,0,1,0,1.73E+08
2,10,Area4,TRUE,"Enemy1,Enemy2,Enemy3",0,160,255,131,94,5,2,5,4,3.58E+07,6,TRUE,0,0,0,1,0,2.15E+08
2,11,Area1,TRUE,"Enemy1,Enemy3,Enemy7",0,164,265,132,96,6,2,5,4,3.39E+07,7,TRUE,0,0,0,1,0,2.37E+08
2,12,Area2,TRUE,"Enemy2,Enemy6,Enemy7",0,170,275,134,98,6,2,5,4,6.50E+07,4,TRUE,0,0,0,1,0,2.60E+08
2,13,Area3,TRUE,"Enemy1,Enemy2,Enemy5",0,174,285,135,99,6,2,5,4,7.33E+07,4,TRUE,0,0,0,1,0,2.93E+08
2,14,Area4,TRUE,"Enemy1,Enemy2,Enemy4",0,180,295,136,101,6,3,5,4,6.54E+07,5,TRUE,0,0,0,1,0,3.27E+08
2,15,Area1,TRUE,"Enemy3,Enemy6,Enemy7",0,186,305,137,102,6,3,5,4,5.78E+07,6,TRUE,0,0,0,1,0,3.47E+08
2,16,Area2,TRUE,"Enemy2,Enemy3,Enemy7",0,190,315,138,104,6,3,5,4,7.22E+07,5,TRUE,0,0,0,1,0,3.61E+08
2,17,Area3,TRUE,"Enemy2,Enemy5,Enemy6",0,196,325,140,106,6,3,5,4,7.50E+07,5,TRUE,0,0,0,1,0,3.75E+08
2,18,Area4,TRUE,"Enemy4,Enemy5,Enemy7",0,202,335,141,107,7,3,5,4,1.30E+08,3,TRUE,0,0,0,1,0,3.90E+08
2,19,Area1,TRUE,"Enemy1,Enemy6,Enemy7",0,208,345,142,109,7,3,5,4,8.28E+07,5,TRUE,0,0,0,1,0,4.14E+08
2,20,Area2,TRUE,"Enemy4,Enemy5,Enemy6",0,214,355,143,110,8,3,5,4,7.80E+07,6,TRUE,0,0,0,1,0,4.68E+08
3,1,Area3,TRUE,"Enemy1,Enemy4,Enemy8",0,220,365,144,112,8,3,5,4,1.13E+08,4,TRUE,1,1,0,1,0,4.53E+08
3,2,Area4,TRUE,"Enemy3,Enemy5,Enemy6",0,226,375,146,114,8,3,5,4,9.14E+07,5,TRUE,1,1,0,1,0,4.57E+08
3,3,Area1,TRUE,"Enemy3,Enemy7,Enemy8",0,232,385,147,115,8,3,5,4,1.16E+08,4,TRUE,1,1,0,1,0,4.65E+08
3,4,Area2,TRUE,"Enemy2,Enemy4,Enemy5",0,238,395,148,117,8,3,5,4,9.54E+07,5,TRUE,1,1,0,1,0,4.77E+08
3,5,Area3,TRUE,"Enemy1,Enemy3,Enemy5",0,244,405,149,118,8,3,5,4,9.86E+07,5,TRUE,1,1,0,1,0,4.93E+08
3,6,Area4,TRUE,"Enemy1,Enemy5,Enemy7",0,250,415,150,120,8,3,5,4,8.55E+07,6,TRUE,1,1,0,1,0,5.13E+08
3,7,Area1,TRUE,"Enemy2,Enemy5,Enemy7",0,256,425,152,122,8,4,5,4,7.66E+07,7,TRUE,1,1,0,1,0,5.36E+08
3,8,Area2,TRUE,"Enemy1,Enemy2,Enemy3",0,262,435,153,123,8,4,5,4,7.03E+07,8,TRUE,1,1,0,1,0,5.62E+08
3,9,Area3,TRUE,"Enemy2,Enemy5,Enemy6",0,268,445,154,125,8,4,5,4,9.85E+07,6,TRUE,1,1,0,1,0,5.91E+08
3,10,Area4,TRUE,"Enemy1,Enemy7,Enemy8",0,274,455,155,126,8,4,5,4,7.80E+07,8,TRUE,1,1,0,1,0,6.24E+08
3,11,Area1,TRUE,"Enemy1,Enemy2,Enemy6",0,280,465,156,128,8,4,5,4,2.20E+08,3,TRUE,1,1,0,1,0,6.59E+08
3,12,Area2,TRUE,"Enemy1,Enemy4,Enemy5",0,286,475,158,130,8,4,5,4,1.75E+08,4,TRUE,1,1,0,1,0,6.98E+08
3,13,Area3,TRUE,"Enemy1,Enemy6,Enemy7",0,292,485,159,131,9,4,5,4,1.48E+08,5,TRUE,1,1,0,1,0,7.39E+08
3,14,Area4,TRUE,"Enemy2,Enemy3,Enemy7",0,298,495,160,133,9,4,5,4,1.31E+08,6,TRUE,1,1,0,1,0,7.84E+08
3,15,Area1,TRUE,"Enemy1,Enemy5,Enemy6",0,304,505,161,134,9,4,5,4,2.08E+08,4,TRUE,1,1,0,1,0,8.31E+08
3,16,Area2,TRUE,"Enemy3,Enemy6,Enemy7",0,310,515,162,136,9,4,5,4,1.76E+08,5,TRUE,1,1,0,1,0,8.81E+08
3,17,Area3,TRUE,"Enemy2,Enemy4,Enemy8",0,316,525,164,138,9,4,5,4,3.11E+08,3,TRUE,1,1,0,1,0,9.33E+08
3,18,Area4,TRUE,"Enemy2,Enemy6,Enemy7",0,322,535,165,139,9,4,5,4,2.47E+08,4,TRUE,1,1,0,1,0,9.88E+08
3,19,Area1,TRUE,"Enemy1,Enemy2,Enemy4",0,328,545,166,141,10,4,5,4,1.31E+08,8,TRUE,1,1,0,1,0,1.05E+09
3,20,Area2,TRUE,"Enemy2,Enemy3,Enemy4",0,334,555,167,142,10,4,5,4,1.85E+08,6,TRUE,1,1,0,1,0,1.11E+09
3,21,Area3,TRUE,"Enemy1,Enemy3,Enemy8",0,340,565,168,144,10,4,5,4,1.67E+08,7,TRUE,1,1,0,1,0,1.17E+09
3,22,Area4,TRUE,"Enemy4,Enemy6,Enemy7",0,346,575,170,146,10,4,5,4,3.10E+08,4,TRUE,1,1,0,1,0,1.24E+09
3,23,Area1,TRUE,"Enemy6,Enemy7,Enemy8",0,352,585,171,147,10,4,5,4,3.25E+08,4,TRUE,1,1,0,1,0,1.30E+09
3,24,Area2,TRUE,"Enemy1,Enemy2,Enemy7",0,358,595,172,149,10,4,5,4,2.76E+08,5,TRUE,1,1,0,1,0,1.38E+09
3,25,Area3,TRUE,"Enemy2,Enemy7,Enemy8",0,364,605,173,150,10,5,5,4,2.42E+08,6,TRUE,1,1,0,1,0,1.45E+09
3,26,Area4,TRUE,"Enemy1,Enemy2,Enemy5",0,370,615,174,152,10,5,5,4,5.07E+08,3,TRUE,1,1,0,1,0,1.52E+09
3,27,Area1,TRUE,"Enemy2,Enemy3,Enemy6",0,376,625,176,154,10,5,5,4,3.20E+08,5,TRUE,1,1,0,1,0,1.60E+09
3,28,Area2,TRUE,"Enemy5,Enemy7,Enemy8",0,382,635,177,155,10,5,5,4,2.10E+08,8,TRUE,1,1,0,1,0,1.68E+09
3,29,Area3,TRUE,"Enemy2,Enemy5,Enemy8",0,388,645,178,157,10,5,5,4,3.54E+08,5,TRUE,1,1,0,1,0,1.77E+09
3,30,Area4,TRUE,"Enemy5,Enemy6,Enemy7",0,394,655,179,158,11,5,5,4,3.08E+08,6,TRUE,1,1,0,1,0,1.85E+09
4,1,Area1,TRUE,"Enemy1,Enemy4,Enemy8",0,408,673,181,161,12,5,5,5,6.04E+08,3,TRUE,1,1,2,1,0,1.81E+09
4,2,Area2,TRUE,"Enemy3,Enemy5,Enemy6",0,422,690,183,164,12,5,5,5,3.75E+08,5,TRUE,1,1,2,1,0,1.88E+09
4,3,Area3,TRUE,"Enemy3,Enemy7,Enemy8",0,436,708,186,166,12,5,5,5,3.24E+08,6,TRUE,1,1,2,1,0,1.94E+09
4,4,Area4,TRUE,"Enemy2,Enemy4,Enemy5",0,450,725,188,169,12,6,5,5,4.03E+08,5,TRUE,1,1,2,1,0,2.01E+09
4,5,Area1,TRUE,"Enemy1,Enemy3,Enemy5",0,464,743,190,172,12,6,5,5,5.22E+08,4,TRUE,1,1,2,1,0,2.09E+09
4,6,Area2,TRUE,"Enemy1,Enemy5,Enemy7",0,478,760,192,175,12,6,5,5,3.09E+08,7,TRUE,1,1,2,1,0,2.16E+09
4,7,Area3,TRUE,"Enemy2,Enemy5,Enemy7",0,492,778,194,178,12,6,5,5,3.74E+08,6,TRUE,1,1,2,1,0,2.25E+09
4,8,Area4,TRUE,"Enemy1,Enemy2,Enemy3",0,506,795,196,180,12,6,5,5,2.91E+08,8,TRUE,1,1,2,1,0,2.33E+09
4,9,Area1,TRUE,"Enemy2,Enemy5,Enemy6",0,520,813,198,183,12,6,5,5,4.84E+08,5,TRUE,1,1,2,1,0,2.42E+09
4,10,Area2,TRUE,"Enemy1,Enemy2,Enemy3",0,534,830,200,186,13,6,5,5,4.19E+08,6,TRUE,1,1,2,1,0,2.52E+09
4,11,Area3,TRUE,"Enemy1,Enemy2,Enemy6",0,548,848,202,189,13,6,5,5,3.27E+08,8,TRUE,1,1,2,1,0,2.62E+09
4,12,Area4,TRUE,"Enemy1,Enemy4,Enemy5",0,562,865,204,192,13,6,5,5,5.44E+08,5,TRUE,1,1,2,1,0,2.72E+09
4,13,Area1,TRUE,"Enemy1,Enemy6,Enemy7",0,576,883,207,194,13,6,5,5,7.08E+08,4,TRUE,1,1,2,1,0,2.83E+09
4,14,Area2,TRUE,"Enemy2,Enemy3,Enemy7",0,590,900,209,197,13,6,5,5,4.21E+08,7,TRUE,1,1,2,1,0,2.95E+09
4,15,Area3,TRUE,"Enemy1,Enemy5,Enemy6",0,604,918,211,200,13,6,5,5,6.14E+08,5,TRUE,1,1,2,1,0,3.07E+09
4,16,Area4,TRUE,"Enemy3,Enemy6,Enemy7",0,618,935,213,203,13,6,5,5,6.40E+08,5,TRUE,1,1,2,1,0,3.20E+09
4,17,Area1,TRUE,"Enemy2,Enemy4,Enemy8",0,632,953,215,206,14,6,5,5,5.56E+08,6,TRUE,1,1,2,1,0,3.34E+09
4,18,Area2,TRUE,"Enemy2,Enemy6,Enemy7",0,646,970,217,208,14,6,5,5,8.70E+08,4,TRUE,1,1,3,1,0,3.48E+09
4,19,Area3,TRUE,"Enemy1,Enemy2,Enemy4",0,660,988,219,211,14,6,5,5,7.27E+08,5,TRUE,1,1,3,1,0,3.63E+09
4,20,Area4,TRUE,"Enemy4,Enemy5,Enemy6",0,674,1005,221,214,14,6,5,5,6.32E+08,6,TRUE,1,1,3,1,0,3.79E+09
4,21,Area1,TRUE,"Enemy1,Enemy3,Enemy8",0,688,1023,223,217,14,6,5,5,6.61E+08,6,TRUE,1,1,3,1,0,3.96E+09
4,22,Area2,TRUE,"Enemy4,Enemy6,Enemy7",0,702,1040,225,220,14,6,5,5,5.18E+08,8,TRUE,1,1,3,1,0,4.14E+09
4,23,Area3,TRUE,"Enemy6,Enemy7,Enemy8",0,716,1058,228,222,14,6,5,5,8.66E+08,5,TRUE,1,1,3,1,0,4.33E+09
4,24,Area4,TRUE,"Enemy1,Enemy2,Enemy7",0,730,1075,230,225,14,7,5,5,1.13E+09,4,TRUE,1,1,3,1,0,4.53E+09
4,25,Area1,TRUE,"Enemy2,Enemy7,Enemy8",0,744,1093,232,228,14,7,5,5,5.93E+08,8,TRUE,1,1,3,1,0,4.75E+09
4,26,Area2,TRUE,"Enemy1,Enemy2,Enemy5",0,758,1110,234,231,14,7,5,5,7.10E+08,7,TRUE,1,1,3,1,0,4.97E+09
4,27,Area3,TRUE,"Enemy2,Enemy3,Enemy6",0,772,1128,236,234,14,7,5,5,8.68E+08,6,TRUE,1,1,3,1,0,5.21E+09
4,28,Area4,TRUE,"Enemy5,Enemy7,Enemy8",0,786,1145,238,236,14,7,5,5,1.09E+09,5,TRUE,1,1,3,1,0,5.46E+09
4,29,Area1,TRUE,"Enemy2,Enemy5,Enemy8",0,800,1163,240,239,14,7,5,5,8.18E+08,7,TRUE,1,1,3,1,0,5.73E+09
4,30,Area2,TRUE,"Enemy1,Enemy7,Enemy8",0,814,1180,242,242,15,7,5,5,1.00E+09,6,TRUE,1,1,3,1,0,6.01E+09
4,31,Area3,TRUE,"Enemy1,Enemy3,Enemy4",0,828,1198,244,245,15,7,5,5,7.89E+08,8,TRUE,1,1,4,1,0,6.31E+09
4,32,Area4,TRUE,"Enemy2,Enemy3,Enemy8",0,842,1215,246,248,15,7,5,5,1.33E+09,5,TRUE,1,1,4,1,0,6.63E+09
4,33,Area1,TRUE,"Enemy3,Enemy4,Enemy5",0,856,1233,249,250,15,7,5,5,1.74E+09,4,TRUE,1,1,4,1,0,6.96E+09
4,34,Area2,TRUE,"Enemy1,Enemy5,Enemy8",0,870,1250,251,253,15,7,5,5,1.05E+09,7,TRUE,1,1,4,1,0,7.32E+09
4,35,Area3,TRUE,"Enemy3,Enemy6,Enemy8",0,884,1268,253,256,15,7,5,5,1.54E+09,5,TRUE,1,1,4,1,0,7.70E+09
4,36,Area4,TRUE,"Enemy4,Enemy6,Enemy8",0,898,1285,255,259,15,7,5,5,1.62E+09,5,TRUE,1,1,4,1,0,8.11E+09
4,37,Area1,TRUE,"Enemy2,Enemy3,Enemy5",0,912,1303,257,262,16,7,5,5,1.42E+09,6,TRUE,1,1,4,1,0,8.54E+09
4,38,Area2,TRUE,"Enemy4,Enemy5,Enemy6",0,926,1320,259,264,16,7,5,5,2.25E+09,4,TRUE,1,1,4,1,0,8.99E+09
4,39,Area3,TRUE,"Enemy3,Enemy4,Enemy8",0,940,1338,261,267,16,7,5,5,1.90E+09,5,TRUE,1,1,4,1,0,9.48E+09
4,40,Area4,TRUE,"Enemy2,Enemy3,Enemy4",0,954,1355,263,270,16,7,5,5,1.67E+09,6,TRUE,1,1,4,1,0,1.00E+10
5,1,Area1,TRUE,"Enemy1,Enemy4,Enemy8",0,968,1372,265,273,17,7,5,6,3.27E+09,3,TRUE,1,1,4,1.030,10,9.80E+09
5,2,Area2,TRUE,"Enemy3,Enemy5,Enemy6",0,982,1390,267,276,17,7,5,6,2.03E+09,5,TRUE,1,1,4,1.032,15,1.01E+10
5,3,Area3,TRUE,"Enemy3,Enemy7,Enemy8",0,996,1407,269,279,17,7,5,6,1.75E+09,6,TRUE,1,1,4,1.034,20,1.05E+10
5,4,Area4,TRUE,"Enemy2,Enemy4,Enemy5",0,1010,1425,271,282,17,7,5,6,2.18E+09,5,TRUE,1,1,4,1.036,25,1.09E+10
5,5,Area1,TRUE,"Enemy1,Enemy3,Enemy5",0,1024,1442,273,285,17,7,5,6,2.82E+09,4,TRUE,1,1,4,1.038,20,1.13E+10
5,6,Area2,TRUE,"Enemy1,Enemy5,Enemy7",0,1038,1460,275,288,17,7,5,6,1.67E+09,7,TRUE,1,1,4,1.040,50,1.17E+10
5,7,Area3,TRUE,"Enemy2,Enemy5,Enemy7",0,1052,1477,277,291,17,7,5,6,2.03E+09,6,TRUE,1,1,4,1.042,10,1.22E+10
5,8,Area4,TRUE,"Enemy1,Enemy2,Enemy3",0,1066,1495,279,294,17,7,5,6,1.58E+09,8,TRUE,1,1,4,1.044,15,1.26E+10
5,9,Area1,TRUE,"Enemy2,Enemy5,Enemy6",0,1080,1512,281,297,17,7,5,6,2.63E+09,5,TRUE,1,1,4,1.046,20,1.31E+10
5,10,Area2,TRUE,"Enemy1,Enemy2,Enemy3",0,1094,1530,283,300,17,7,5,6,2.27E+09,6,TRUE,1,1,4,1.048,25,1.36E+10
5,11,Area3,TRUE,"Enemy1,Enemy2,Enemy6",0,1108,1547,285,303,17,7,5,6,1.77E+09,8,TRUE,1,1,4,1.050,20,1.42E+10
5,12,Area4,TRUE,"Enemy1,Enemy4,Enemy5",0,1122,1565,287,306,17,7,5,6,2.95E+09,5,TRUE,1,1,4,1.052,50,1.48E+10
5,13,Area1,TRUE,"Enemy1,Enemy6,Enemy7",0,1136,1582,289,309,18,7,5,6,3.85E+09,4,TRUE,1,1,4,1.054,10,1.54E+10
5,14,Area2,TRUE,"Enemy2,Enemy3,Enemy7",0,1150,1600,291,312,18,7,5,6,2.29E+09,7,TRUE,1,1,4,1.056,15,1.60E+10
5,15,Area3,TRUE,"Enemy1,Enemy5,Enemy6",0,1164,1617,293,315,18,7,5,6,3.34E+09,5,TRUE,1,1,4,1.058,20,1.67E+10
5,16,Area4,TRUE,"Enemy3,Enemy6,Enemy7",0,1178,1635,295,318,18,7,5,6,3.48E+09,5,TRUE,1,1,4,1.060,25,1.74E+10
5,17,Area1,TRUE,"Enemy2,Enemy4,Enemy8",0,1192,1652,297,321,18,7,5,6,3.03E+09,6,TRUE,1,1,4,1.062,20,1.82E+10
5,18,Area2,TRUE,"Enemy2,Enemy6,Enemy7",0,1206,1670,299,324,18,7,5,6,4.74E+09,4,TRUE,1,1,4,1.064,50,1.90E+10
5,19,Area3,TRUE,"Enemy1,Enemy2,Enemy4",0,1220,1687,301,327,18,7,5,6,3.96E+09,5,TRUE,1,1,4,1.066,10,1.98E+10
5,20,Area4,TRUE,"Enemy4,Enemy5,Enemy6",0,1234,1705,303,330,18,7,5,6,3.45E+09,6,TRUE,1,1,4,1.068,15,2.07E+10
5,21,Area1,TRUE,"Enemy1,Enemy3,Enemy8",0,1248,1722,305,333,18,7,5,6,3.60E+09,6,TRUE,1,1,4,1.070,20,2.16E+10
5,22,Area2,TRUE,"Enemy4,Enemy6,Enemy7",0,1262,1740,307,336,19,7,5,6,2.83E+09,8,TRUE,1,1,4,1.072,25,2.26E+10
5,23,Area3,TRUE,"Enemy6,Enemy7,Enemy8",0,1276,1757,309,339,19,7,5,6,4.73E+09,5,TRUE,1,1,4,1.074,20,2.37E+10
5,24,Area4,TRUE,"Enemy1,Enemy2,Enemy7",0,1290,1775,311,342,19,7,5,6,6.19E+09,4,TRUE,1,1,4,1.076,50,2.48E+10
5,25,Area1,TRUE,"Enemy2,Enemy7,Enemy8",0,1304,1792,313,345,19,7,5,6,3.24E+09,8,TRUE,1,1,4,1.078,10,2.59E+10
5,26,Area2,TRUE,"Enemy1,Enemy2,Enemy5",0,1318,1810,315,348,19,7,5,6,3.88E+09,7,TRUE,1,1,4,1.080,15,2.72E+10
5,27,Area3,TRUE,"Enemy2,Enemy3,Enemy6",0,1332,1827,317,351,19,7,5,6,4.75E+09,6,TRUE,1,1,4,1.080,20,2.85E+10
5,28,Area4,TRUE,"Enemy5,Enemy7,Enemy8",0,1346,1845,319,354,19,7,5,6,5.98E+09,5,TRUE,1,1,4,1.080,25,2.99E+10
5,29,Area1,TRUE,"Enemy2,Enemy5,Enemy8",0,1360,1862,321,357,20,7,5,6,4.48E+09,7,TRUE,1,1,4,1.080,20,3.14E+10
5,30,Area2,TRUE,"Enemy1,Enemy7,Enemy8",0,1374,1880,323,360,20,8,5,6,5.49E+09,6,TRUE,1,1,4,1.080,50,3.29E+10
5,31,Area3,TRUE,"Enemy1,Enemy3,Enemy4",0,1388,1897,325,363,20,8,5,6,4.32E+09,8,TRUE,1,1,4,1.080,10,3.46E+10
5,32,Area4,TRUE,"Enemy2,Enemy3,Enemy8",0,1402,1915,327,366,20,8,5,6,7.27E+09,5,TRUE,1,1,4,1.080,15,3.63E+10
5,33,Area1,TRUE,"Enemy3,Enemy4,Enemy5",0,1416,1932,329,369,20,8,5,6,9.55E+09,4,TRUE,1,1,4,1.080,20,3.82E+10
5,34,Area2,TRUE,"Enemy1,Enemy5,Enemy8",0,1430,1950,331,372,20,8,5,6,5.74E+09,7,TRUE,1,1,4,1.080,25,4.02E+10
5,35,Area3,TRUE,"Enemy3,Enemy6,Enemy8",0,1444,1967,333,375,20,8,5,6,8.46E+09,5,TRUE,1,1,4,1.080,20,4.23E+10
5,36,Area4,TRUE,"Enemy4,Enemy6,Enemy8",0,1458,1985,335,378,20,8,5,6,8.91E+09,5,TRUE,1,1,4,1.080,50,4.46E+10
5,37,Area1,TRUE,"Enemy2,Enemy3,Enemy5",0,1472,2002,337,381,20,8,5,6,7.82E+09,6,TRUE,1,1,4,1.080,10,4.69E+10
5,38,Area2,TRUE,"Enemy4,Enemy5,Enemy6",0,1486,2020,339,384,20,8,5,6,1.24E+10,4,TRUE,1,1,4,1.080,15,4.95E+10
5,39,Area3,TRUE,"Enemy3,Enemy4,Enemy8",0,1500,2037,341,387,20,8,5,6,1.04E+10,5,TRUE,1,1,4,1.080,20,5.22E+10
5,40,Area4,TRUE,"Enemy2,Enemy3,Enemy4",0,1514,2055,343,390,20,8,5,6,9.17E+09,6,TRUE,1,1,4,1.080,25,5.50E+10
9999,1,Area1,TRUE,"Enemy2,Enemy3,Enemy4",0,1516,2059,344,391,20,9,5,6,1.70E+10,3,TRUE,1,1,0,1.020,10,5.10E+10
9999,2,Area2,TRUE,"Enemy5,Enemy3,Enemy1",0,1518,2063,345,392,20,9,5,6,1.34E+10,4,TRUE,1,1,0,1.022,15,5.36E+10
9999,3,Area3,TRUE,"Enemy2,Enemy3,Enemy6",0,1520,2067,346,393,20,9,5,6,1.12E+10,5,TRUE,1,1,0,1.024,20,5.61E+10
9999,4,Area4,TRUE,"Enemy5,Enemy2,Enemy3",0,1522,2071,347,394,20,9,5,6,9.78E+09,6,TRUE,1,1,0,1.026,25,5.87E+10
9999,5,Area1,TRUE,"Enemy5,Enemy3,Enemy4",0,1524,2075,347,395,20,9,5,6,8.75E+09,7,TRUE,1,1,0,1.028,20,6.13E+10
9999,6,Area2,TRUE,"Enemy5,Enemy2,Enemy7",0,1526,2079,348,396,20,9,5,6,7.98E+09,8,TRUE,1,1,0,1.030,50,6.39E+10
9999,7,Area3,TRUE,"Enemy2,Enemy3,Enemy7",0,1528,2083,349,397,20,9,5,6,1.66E+10,4,TRUE,1,1,0,1.032,10,6.64E+10
9999,8,Area4,TRUE,"Enemy5,Enemy3,Enemy2",0,1530,2087,350,398,20,9,5,6,9.85E+09,7,TRUE,1,1,0,1.034,15,6.89E+10
9999,9,Area1,TRUE,"Enemy5,Enemy2,Enemy8",0,1532,2091,350,399,20,9,5,6,1.02E+10,7,TRUE,1,1,0,1.036,20,7.13E+10
9999,10,Area2,TRUE,"Enemy5,Enemy2,Enemy3",0,1534,2095,351,400,20,9,5,6,9.20E+09,8,TRUE,1,1,0,1.038,25,7.36E+10
9999,11,Area3,TRUE,"Enemy1,Enemy2,Enemy4",0,1536,2099,352,401,20,9,5,6,9.19E+09,8,TRUE,1,1,1,1.040,20,7.35E+10
9999,12,Area4,TRUE,"Enemy1,Enemy3,Enemy6",0,1538,2103,353,402,20,9,5,6,1.89E+10,4,TRUE,1,1,1,1.042,50,7.54E+10
9999,13,Area1,TRUE,"Enemy3,Enemy4,Enemy6",0,1540,2107,353,403,20,9,5,6,1.10E+10,7,TRUE,1,1,1,1.044,10,7.71E+10
9999,14,Area2,TRUE,"Enemy1,Enemy4,Enemy6",0,1542,2111,354,404,20,9,5,6,1.58E+10,5,TRUE,1,1,1,1.046,15,7.88E+10
9999,15,Area3,TRUE,"Enemy1,Enemy6,Enemy8",0,1544,2115,355,405,20,9,5,6,1.34E+10,6,TRUE,1,1,1,1.048,20,8.03E+10
9999,16,Area4,TRUE,"Enemy3,Enemy5,Enemy6",0,1546,2119,356,406,20,9,5,6,1.36E+10,6,TRUE,1,1,1,1.050,25,8.16E+10
9999,17,Area1,TRUE,"Enemy2,Enemy4,Enemy6",0,1548,2123,356,407,20,9,5,6,1.18E+10,7,TRUE,1,1,1,1.052,20,8.28E+10
9999,18,Area2,TRUE,"Enemy2,Enemy3,Enemy5",0,1550,2127,357,408,20,9,5,6,1.05E+10,8,TRUE,1,1,1,1.054,50,8.39E+10
9999,19,Area3,TRUE,"Enemy1,Enemy3,Enemy5",0,1552,2131,358,409,20,9,5,6,1.21E+10,7,TRUE,1,1,1,1.056,10,8.48E+10
9999,20,Area4,TRUE,"Enemy1,Enemy2,Enemy3",0,1554,2135,359,410,20,9,5,6,1.38E+10,6,TRUE,1,1,2,1.058,15,8.30E+10
9999,21,Area1,TRUE,"Enemy1,Enemy3,Enemy7",0,1556,2139,359,411,20,9,5,6,1.19E+10,7,TRUE,1,1,2,1.060,20,8.36E+10
9999,22,Area2,TRUE,"Enemy2,Enemy6,Enemy7",0,1558,2143,360,412,20,9,5,6,2.11E+10,4,TRUE,1,1,2,1.062,25,8.42E+10
9999,23,Area3,TRUE,"Enemy1,Enemy2,Enemy5",0,1560,2147,361,413,20,9,5,6,2.12E+10,4,TRUE,1,1,2,1.064,20,8.47E+10
9999,24,Area4,TRUE,"Enemy1,Enemy2,Enemy4",0,1562,2151,362,414,20,9,5,6,1.70E+10,5,TRUE,1,1,2,1.066,50,8.51E+10
9999,25,Area1,TRUE,"Enemy3,Enemy6,Enemy7",0,1564,2155,362,415,20,9,5,6,1.42E+10,6,TRUE,1,1,2,1.068,10,8.55E+10
9999,26,Area2,TRUE,"Enemy2,Enemy5,Enemy7",0,1566,2159,363,416,20,9,5,6,1.43E+10,6,TRUE,1,1,2,1.070,15,8.57E+10
9999,27,Area3,TRUE,"Enemy2,Enemy3,Enemy6",0,1568,2163,364,417,20,9,5,6,1.72E+10,5,TRUE,1,1,2,1.072,20,8.59E+10
9999,28,Area4,TRUE,"Enemy4,Enemy5,Enemy7",0,1570,2167,365,418,20,9,5,6,1.07E+10,8,TRUE,1,1,2,1.074,25,8.60E+10
9999,29,Area1,TRUE,"Enemy1,Enemy6,Enemy7",0,1572,2171,365,419,20,9,5,6,1.43E+10,6,TRUE,1,1,2,1.076,20,8.61E+10
9999,30,Area2,TRUE,"Enemy4,Enemy5,Enemy6",0,1574,2175,366,420,20,9,5,6,1.44E+10,6,TRUE,1,1,2,1.078,50,8.62E+10
9999,31,Area3,TRUE,"Enemy1,Enemy5,Enemy8",0,1576,2179,367,421,20,9,5,6,1.19E+10,7,TRUE,1,1,3,1.080,10,8.35E+10
9999,32,Area4,TRUE,"Enemy3,Enemy4,Enemy6",0,1578,2183,368,422,20,9,5,6,1.67E+10,5,TRUE,1,1,3,1.080,15,8.36E+10
9999,33,Area1,TRUE,"Enemy3,Enemy7,Enemy8",0,1580,2187,368,423,20,9,5,6,1.20E+10,7,TRUE,1,1,3,1.080,20,8.37E+10
9999,34,Area2,TRUE,"Enemy2,Enemy4,Enemy5",0,1582,2191,369,424,20,9,5,6,1.67E+10,5,TRUE,1,1,3,1.080,25,8.37E+10
9999,35,Area3,TRUE,"Enemy1,Enemy3,Enemy5",0,1584,2195,370,425,20,9,5,6,1.40E+10,6,TRUE,1,1,3,1.080,20,8.38E+10
9999,36,Area4,TRUE,"Enemy1,Enemy5,Enemy7",0,1586,2199,371,426,20,9,5,6,1.40E+10,6,TRUE,1,1,3,1.080,50,8.40E+10
9999,37,Area1,TRUE,"Enemy2,Enemy3,Enemy7",0,1588,2203,371,427,20,9,5,6,1.20E+10,7,TRUE,1,1,3,1.080,10,8.43E+10
9999,38,Area2,TRUE,"Enemy1,Enemy2,Enemy5",0,1590,2207,372,428,20,9,5,6,1.06E+10,8,TRUE,1,1,3,1.080,15,8.46E+10
9999,39,Area3,TRUE,"Enemy2,Enemy5,Enemy6",0,1592,2211,373,429,20,9,5,6,1.42E+10,6,TRUE,1,1,3,1.080,20,8.50E+10
9999,40,Area4,TRUE,"Enemy1,Enemy7,Enemy8",0,1594,2215,374,430,20,9,5,6,1.07E+10,8,TRUE,1,1,3,1.080,25,8.55E+10
9999,41,Area1,TRUE,"Enemy1,Enemy2,Enemy6",0,1596,2219,374,431,20,9,5,6,1.67E+10,5,TRUE,1,1,4,1.080,20,8.33E+10
9999,42,Area2,TRUE,"Enemy1,Enemy4,Enemy6",0,1598,2223,375,432,20,9,5,6,1.40E+10,6,TRUE,1,1,4,1.080,50,8.39E+10
9999,43,Area3,TRUE,"Enemy1,Enemy4,Enemy7",0,1600,2227,376,433,20,9,5,6,1.21E+10,7,TRUE,1,1,4,1.080,10,8.47E+10
9999,44,Area4,TRUE,"Enemy2,Enemy3,Enemy7",0,1602,2231,377,434,20,9,5,6,1.43E+10,6,TRUE,1,1,4,1.080,15,8.56E+10
9999,45,Area1,TRUE,"Enemy1,Enemy5,Enemy6",0,1604,2235,377,435,20,9,5,6,1.44E+10,6,TRUE,1,1,4,1.080,20,8.65E+10
9999,46,Area2,TRUE,"Enemy3,Enemy6,Enemy7",0,1606,2239,378,436,20,9,5,6,1.75E+10,5,TRUE,1,1,4,1.080,25,8.75E+10
9999,47,Area3,TRUE,"Enemy2,Enemy4,Enemy8",0,1608,2243,379,437,20,9,5,6,2.22E+10,4,TRUE,1,1,4,1.080,20,8.87E+10
9999,48,Area4,TRUE,"Enemy2,Enemy6,Enemy7",0,1610,2247,380,438,20,9,5,6,2.25E+10,4,TRUE,1,1,4,1.080,50,8.99E+10
9999,49,Area1,TRUE,"Enemy1,Enemy2,Enemy4",0,1612,2251,380,439,20,9,5,6,1.14E+10,8,TRUE,1,1,4,1.080,10,9.13E+10
9999,50,Area2,TRUE,"Enemy2,Enemy3,Enemy4",0,1614,2255,381,440,20,9,5,6,1.55E+10,6,TRUE,1,1,4,1.080,15,9.27E+10
9999,51,Area3,TRUE,"Enemy1,Enemy3,Enemy8",0,1616,2259,382,441,20,9,5,6,1.35E+10,7,TRUE,1,1,4,1.080,20,9.43E+10
9999,52,Area4,TRUE,"Enemy4,Enemy6,Enemy7",0,1618,2263,383,442,20,9,5,6,2.40E+10,4,TRUE,1,1,4,1.080,25,9.60E+10
9999,53,Area1,TRUE,"Enemy6,Enemy7,Enemy8",0,1620,2267,383,443,20,9,5,6,2.45E+10,4,TRUE,1,1,4,1.080,20,9.78E+10
9999,54,Area2,TRUE,"Enemy1,Enemy2,Enemy7",0,1622,2271,384,444,20,9,5,6,2.00E+10,5,TRUE,1,1,4,1.080,50,9.98E+10
9999,55,Area3,TRUE,"Enemy2,Enemy7,Enemy8",0,1624,2275,385,445,20,9,5,6,1.70E+10,6,TRUE,1,1,4,1.080,10,1.02E+11
9999,56,Area4,TRUE,"Enemy1,Enemy2,Enemy5",0,1626,2279,386,446,20,9,5,6,1.48E+10,7,TRUE,1,1,4,1.080,15,1.04E+11
9999,57,Area1,TRUE,"Enemy2,Enemy3,Enemy6",0,1628,2283,386,447,20,9,5,6,1.76E+10,6,TRUE,1,1,4,1.080,20,1.06E+11
9999,58,Area2,TRUE,"Enemy5,Enemy7,Enemy8",0,1630,2287,387,448,20,9,5,6,1.35E+10,8,TRUE,1,1,4,1.080,25,1.08E+11
9999,59,Area3,TRUE,"Enemy2,Enemy5,Enemy8",0,1632,2291,388,449,20,9,5,6,2.20E+10,5,TRUE,1,1,4,1.080,20,1.10E+11
9999,60,Area4,TRUE,"Enemy5,Enemy6,Enemy7",0,1634,2295,389,450,20,9,5,6,1.87E+10,6,TRUE,1,1,4,1.080,50,1.12E+11
9999,61,Area1,TRUE,"Enemy1,Enemy3,Enemy4",0,1636,2299,389,451,20,9,5,6,1.91E+10,6,TRUE,1,1,4,1.080,10,1.15E+11
9999,62,Area2,TRUE,"Enemy2,Enemy3,Enemy8",0,1638,2303,390,452,20,9,5,6,1.67E+10,7,TRUE,1,1,4,1.080,15,1.17E+11
9999,63,Area3,TRUE,"Enemy3,Enemy4,Enemy5",0,1640,2307,391,453,20,9,5,6,2.00E+10,6,TRUE,1,1,4,1.080,20,1.20E+11
9999,64,Area4,TRUE,"Enemy1,Enemy5,Enemy8",0,1642,2311,392,454,20,9,5,6,2.46E+10,5,TRUE,1,1,4,1.080,25,1.23E+11
9999,65,Area1,TRUE,"Enemy3,Enemy6,Enemy8",0,1644,2315,392,455,20,9,5,6,2.52E+10,5,TRUE,1,1,4,1.080,20,1.26E+11
9999,66,Area2,TRUE,"Enemy4,Enemy6,Enemy5",0,1646,2319,393,456,20,9,5,6,1.85E+10,7,TRUE,1,1,4,1.080,50,1.29E+11
9999,67,Area3,TRUE,"Enemy2,Enemy3,Enemy8",0,1648,2323,394,457,20,9,5,6,2.21E+10,6,TRUE,1,1,4,1.080,10,1.33E+11
9999,68,Area4,TRUE,"Enemy4,Enemy5,Enemy6",0,1650,2327,395,458,20,9,5,6,1.70E+10,8,TRUE,1,1,4,1.080,15,1.36E+11
9999,69,Area1,TRUE,"Enemy3,Enemy4,Enemy8",0,1652,2331,395,459,20,9,5,6,1.99E+10,7,TRUE,1,1,4,1.080,20,1.40E+11
9999,70,Area2,TRUE,"Enemy1,Enemy2,Enemy8",0,1654,2335,396,460,20,9,5,6,2.38E+10,6,TRUE,1,1,4,1.080,25,1.43E+11
9999,71,Area3,TRUE,"Enemy4,Enemy5,Enemy8",0,1656,2339,397,461,20,9,5,6,2.93E+10,5,TRUE,1,1,4,1.080,20,1.46E+11
9999,72,Area4,TRUE,"Enemy1,Enemy7,Enemy8",0,1658,2343,398,462,20,9,5,6,2.50E+10,6,TRUE,1,1,4,1.080,50,1.50E+11
9999,73,Area1,TRUE,"Enemy5,Enemy6,Enemy7",0,1660,2347,398,463,20,9,5,6,3.83E+10,4,TRUE,1,1,4,1.080,10,1.53E+11
9999,74,Area2,TRUE,"Enemy3,Enemy4,Enemy7",0,1662,2351,399,464,20,9,5,6,2.23E+10,7,TRUE,1,1,4,1.080,15,1.56E+11
9999,75,Area3,TRUE,"Enemy4,Enemy7,Enemy8",0,1664,2355,400,465,20,9,5,6,3.19E+10,5,TRUE,1,1,4,1.080,20,1.60E+11
9999,76,Area4,TRUE,"Enemy3,Enemy5,Enemy7",0,1666,2359,401,466,20,9,5,6,2.72E+10,6,TRUE,1,1,4,1.080,25,1.63E+11
9999,77,Area1,TRUE,"Enemy1,Enemy4,Enemy6",0,1668,2363,401,467,20,9,5,6,2.77E+10,6,TRUE,1,1,4,1.080,20,1.66E+11
9999,78,Area2,TRUE,"Enemy3,Enemy5,Enemy8",0,1670,2367,402,468,20,9,5,6,3.40E+10,5,TRUE,1,1,4,1.080,50,1.70E+11
9999,79,Area3,TRUE,"Enemy2,Enemy4,Enemy6",0,1672,2371,403,469,20,9,5,6,3.47E+10,5,TRUE,1,1,4,1.080,10,1.73E+11
9999,80,Area4,TRUE,"Enemy3,Enemy4,Enemy5",0,1674,2375,404,470,20,9,5,6,2.95E+10,6,TRUE,1,1,4,1.080,15,1.77E+11
9999,81,Area1,TRUE,"Enemy2,Enemy6,Enemy8",0,1676,2379,404,471,20,9,5,6,3.01E+10,6,TRUE,1,1,4,1.080,20,1.81E+11
9999,82,Area2,TRUE,"Enemy1,Enemy2,Enemy8",0,1678,2383,405,472,20,9,5,6,2.31E+10,8,TRUE,1,1,4,1.080,25,1.85E+11
9999,83,Area3,TRUE,"Enemy1,Enemy4,Enemy7",0,1680,2387,406,473,20,9,5,6,3.14E+10,6,TRUE,1,1,4,1.080,20,1.88E+11
9999,84,Area4,TRUE,"Enemy4,Enemy5,Enemy7",0,1682,2391,407,474,20,9,5,6,3.85E+10,5,TRUE,1,1,4,1.080,50,1.92E+11
9999,85,Area1,TRUE,"Enemy1,Enemy3,Enemy6",0,1684,2395,407,475,20,9,5,6,2.46E+10,8,TRUE,1,1,4,1.080,10,1.96E+11
9999,86,Area2,TRUE,"Enemy5,Enemy6,Enemy8",0,1686,2399,408,476,20,9,5,6,2.87E+10,7,TRUE,1,1,4,1.080,15,2.01E+11
9999,87,Area3,TRUE,"Enemy2,Enemy3,Enemy4",0,1688,2403,409,477,20,9,5,6,3.41E+10,6,TRUE,1,1,4,1.080,20,2.05E+11
9999,88,Area4,TRUE,"Enemy2,Enemy4,Enemy7",0,1690,2407,410,478,20,9,5,6,4.18E+10,5,TRUE,1,1,4,1.080,25,2.09E+11
9999,89,Area1,TRUE,"Enemy3,Enemy4,Enemy6",0,1692,2411,410,479,20,9,5,6,3.05E+10,7,TRUE,1,1,4,1.080,20,2.13E+11
9999,90,Area2,TRUE,"Enemy6,Enemy7,Enemy8",0,1694,2415,411,480,20,9,5,6,3.63E+10,6,TRUE,1,1,4,1.080,50,2.18E+11
9999,91,Area3,TRUE,"Enemy1,Enemy5,Enemy8",0,1696,2419,412,481,20,9,5,6,3.18E+10,7,TRUE,1,1,4,1.080,15,2.23E+11
9999,92,Area4,TRUE,"Enemy3,Enemy4,Enemy6",0,1698,2423,413,482,20,9,5,6,3.79E+10,6,TRUE,1,1,4,1.080,15,2.27E+11
9999,93,Area1,TRUE,"Enemy3,Enemy7,Enemy8",0,1700,2427,413,483,20,9,5,6,3.87E+10,6,TRUE,1,1,4,1.080,20,2.32E+11
9999,94,Area2,TRUE,"Enemy2,Enemy4,Enemy5",0,1702,2431,414,484,20,9,5,6,4.74E+10,5,TRUE,1,1,4,1.080,25,2.37E+11
9999,95,Area3,TRUE,"Enemy1,Enemy3,Enemy5",0,1704,2435,415,485,20,9,5,6,3.45E+10,7,TRUE,1,1,4,1.080,20,2.42E+11
9999,96,Area4,TRUE,"Enemy1,Enemy5,Enemy7",0,1706,2439,416,486,20,9,5,6,3.53E+10,7,TRUE,1,1,4,1.080,50,2.47E+11
9999,97,Area1,TRUE,"Enemy2,Enemy3,Enemy7",0,1708,2443,416,487,20,9,5,6,4.20E+10,6,TRUE,1,1,4,1.080,15,2.52E+11
9999,98,Area2,TRUE,"Enemy1,Enemy2,Enemy5",0,1710,2447,417,488,20,9,5,6,3.22E+10,8,TRUE,1,1,4,1.080,15,2.57E+11
9999,99,Area3,TRUE,"Enemy2,Enemy5,Enemy6",0,1712,2451,418,489,20,9,5,6,4.38E+10,6,TRUE,1,1,4,1.080,20,2.63E+11
9999,100,Area4,TRUE,"Enemy1,Enemy2,Enemy3",0,1714,2455,419,490,20,9,5,6,4.47E+10,6,TRUE,1,1,4,1.080,25,2.68E+11
9999,101,Area1,TRUE,"Enemy1,Enemy2,Enemy5",0,1716,2459,419,491,20,9,5,6,3.42E+10,8,TRUE,1,1,4,1.080,20,2.74E+11
9999,102,Area2,TRUE,"Enemy1,Enemy4,Enemy6",0,1718,2463,420,492,20,9,5,6,4.00E+10,7,TRUE,1,1,4,1.080,50,2.80E+11
9999,103,Area3,TRUE,"Enemy1,Enemy6,Enemy7",0,1720,2467,421,493,20,9,5,6,3.57E+10,8,TRUE,1,1,4,1.080,15,2.86E+11
9999,104,Area4,TRUE,"Enemy2,Enemy3,Enemy7",0,1722,2471,422,494,20,9,5,6,4.17E+10,7,TRUE,1,1,4,1.080,15,2.92E+11
9999,105,Area1,TRUE,"Enemy1,Enemy5,Enemy6",0,1724,2475,422,495,20,9,5,6,4.96E+10,6,TRUE,1,1,4,1.080,20,2.98E+11
9999,106,Area2,TRUE,"Enemy3,Enemy6,Enemy7",0,1726,2479,423,496,20,9,5,6,6.08E+10,5,TRUE,1,1,4,1.080,25,3.04E+11
9999,107,Area3,TRUE,"Enemy2,Enemy4,Enemy8",0,1728,2483,424,497,20,9,5,6,5.19E+10,6,TRUE,1,1,4,1.080,20,3.11E+11
9999,108,Area4,TRUE,"Enemy2,Enemy6,Enemy7",0,1730,2487,425,498,20,9,5,6,5.31E+10,6,TRUE,1,1,4,1.080,50,3.19E+11
9999,109,Area1,TRUE,"Enemy1,Enemy2,Enemy4",0,1732,2491,425,499,20,9,5,6,4.67E+10,7,TRUE,1,1,4,1.080,15,3.27E+11
9999,110,Area2,TRUE,"Enemy4,Enemy5,Enemy6",0,1734,2495,426,500,20,9,5,6,5.59E+10,6,TRUE,1,1,4,1.080,15,3.35E+11
9999,111,Area3,TRUE,"Enemy1,Enemy3,Enemy8",0,1736,2499,427,501,20,9,5,6,5.74E+10,6,TRUE,1,1,4,1.080,20,3.44E+11
9999,112,Area4,TRUE,"Enemy4,Enemy6,Enemy7",0,1738,2503,428,502,20,9,5,6,4.42E+10,8,TRUE,1,1,4,1.080,25,3.54E+11
9999,113,Area1,TRUE,"Enemy6,Enemy7,Enemy8",0,1740,2507,428,503,20,9,5,6,7.28E+10,5,TRUE,1,1,4,1.080,20,3.64E+11
9999,114,Area2,TRUE,"Enemy1,Enemy2,Enemy7",0,1742,2511,429,504,20,9,5,6,5.34E+10,7,TRUE,1,1,4,1.080,50,3.74E+11
9999,115,Area3,TRUE,"Enemy2,Enemy7,Enemy8",0,1744,2515,430,505,20,9,5,6,4.81E+10,8,TRUE,1,1,4,1.080,15,3.84E+11
9999,116,Area4,TRUE,"Enemy1,Enemy2,Enemy5",0,1746,2519,431,506,20,9,5,6,5.65E+10,7,TRUE,1,1,4,1.080,15,3.95E+11
9999,117,Area1,TRUE,"Enemy2,Enemy3,Enemy6",0,1748,2523,431,507,20,9,5,6,6.77E+10,6,TRUE,1,1,4,1.080,20,4.06E+11
9999,118,Area2,TRUE,"Enemy5,Enemy7,Enemy8",0,1750,2527,432,508,20,9,5,6,8.36E+10,5,TRUE,1,1,4,1.080,25,4.18E+11
9999,119,Area3,TRUE,"Enemy2,Enemy5,Enemy8",0,1752,2531,433,509,20,9,5,6,6.15E+10,7,TRUE,1,1,4,1.080,20,4.31E+11
9999,120,Area4,TRUE,"Enemy1,Enemy7,Enemy8",0,1754,2535,434,510,20,9,5,6,7.40E+10,6,TRUE,1,1,4,1.080,50,4.44E+11
9999,121,Area1,TRUE,"Enemy1,Enemy3,Enemy4",0,1756,2539,434,511,20,9,5,6,5.73E+10,8,TRUE,1,1,4,1.080,15,4.58E+11
9999,122,Area2,TRUE,"Enemy2,Enemy3,Enemy8",0,1758,2543,435,512,20,9,5,6,7.89E+10,6,TRUE,1,1,4,1.080,15,4.73E+11
9999,123,Area3,TRUE,"Enemy3,Enemy4,Enemy5",0,1760,2547,436,513,20,9,5,6,8.15E+10,6,TRUE,1,1,4,1.080,20,4.89E+11
9999,124,Area4,TRUE,"Enemy1,Enemy5,Enemy8",0,1762,2551,437,514,20,9,5,6,7.21E+10,7,TRUE,1,1,4,1.080,25,5.05E+11
9999,125,Area1,TRUE,"Enemy3,Enemy6,Enemy8",0,1764,2555,437,515,20,9,5,6,7.45E+10,7,TRUE,1,1,4,1.080,20,5.22E+11
9999,126,Area2,TRUE,"Enemy4,Enemy6,Enemy5",0,1766,2559,438,516,20,9,5,6,1.08E+11,5,TRUE,1,1,4,1.080,50,5.39E+11
9999,127,Area3,TRUE,"Enemy2,Enemy3,Enemy8",0,1768,2563,439,517,20,9,5,6,9.28E+10,6,TRUE,1,1,4,1.080,15,5.57E+11
9999,128,Area4,TRUE,"Enemy4,Enemy5,Enemy6",0,1770,2567,440,518,20,9,5,6,8.21E+10,7,TRUE,1,1,4,1.080,15,5.75E+11
9999,129,Area1,TRUE,"Enemy3,Enemy4,Enemy8",0,1772,2571,440,519,20,9,5,6,9.91E+10,6,TRUE,1,1,4,1.080,20,5.95E+11
9999,130,Area2,TRUE,"Enemy2,Enemy3,Enemy4",0,1774,2575,441,520,20,9,5,6,1.03E+11,6,TRUE,1,1,4,1.080,25,6.15E+11
9999,131,Area3,TRUE,"Enemy4,Enemy5,Enemy8",0,1776,2579,442,521,20,9,5,6,9.11E+10,7,TRUE,1,1,4,1.080,20,6.38E+11
9999,132,Area4,TRUE,"Enemy1,Enemy7,Enemy8",0,1778,2583,443,522,20,9,5,6,8.26E+10,8,TRUE,1,1,4,1.080,50,6.61E+11
9999,133,Area1,TRUE,"Enemy5,Enemy6,Enemy7",0,1780,2587,443,523,20,9,5,6,9.80E+10,7,TRUE,1,1,4,1.080,15,6.86E+11
9999,134,Area2,TRUE,"Enemy3,Enemy4,Enemy7",0,1782,2591,444,524,20,9,5,6,1.02E+11,7,TRUE,1,1,4,1.080,15,7.12E+11
9999,135,Area3,TRUE,"Enemy4,Enemy7,Enemy8",0,1784,2595,445,525,20,9,5,6,1.23E+11,6,TRUE,1,1,4,1.080,20,7.39E+11
9999,136,Area4,TRUE,"Enemy3,Enemy5,Enemy7",0,1786,2599,446,526,20,9,5,6,9.59E+10,8,TRUE,1,1,4,1.080,25,7.67E+11
9999,137,Area1,TRUE,"Enemy1,Enemy4,Enemy6",0,1788,2603,446,527,20,9,5,6,9.96E+10,8,TRUE,1,1,4,1.080,20,7.97E+11
9999,138,Area2,TRUE,"Enemy3,Enemy5,Enemy8",0,1790,2607,447,528,20,9,5,6,1.38E+11,6,TRUE,1,1,4,1.080,50,8.27E+11
9999,139,Area3,TRUE,"Enemy2,Enemy4,Enemy6",0,1792,2611,448,529,20,9,5,6,1.72E+11,5,TRUE,1,1,4,1.080,15,8.58E+11
9999,140,Area4,TRUE,"Enemy5,Enemy6,Enemy7",0,1794,2615,449,530,20,9,5,6,1.48E+11,6,TRUE,1,1,4,1.080,15,8.91E+11
9999,141,Area1,TRUE,"Enemy1,Enemy5,Enemy8",0,1796,2619,449,531,20,9,5,6,1.32E+11,7,TRUE,1,1,4,1.080,20,9.25E+11
9999,142,Area2,TRUE,"Enemy3,Enemy4,Enemy6",0,1798,2623,450,532,20,9,5,6,1.60E+11,6,TRUE,1,1,4,1.080,25,9.60E+11
9999,143,Area3,TRUE,"Enemy3,Enemy7,Enemy8",0,1800,2627,451,533,20,9,5,6,1.66E+11,6,TRUE,1,1,4,1.080,20,9.96E+11
9999,144,Area4,TRUE,"Enemy2,Enemy4,Enemy5",0,1802,2631,452,534,20,9,5,6,2.07E+11,5,TRUE,1,1,4,1.080,50,1.03E+12
9999,145,Area1,TRUE,"Enemy1,Enemy3,Enemy5",0,1804,2635,452,535,20,9,5,6,1.53E+11,7,TRUE,1,1,4,1.080,15,1.07E+12
9999,146,Area2,TRUE,"Enemy1,Enemy5,Enemy7",0,1806,2639,453,536,20,9,5,6,1.59E+11,7,TRUE,1,1,4,1.080,15,1.11E+12
9999,147,Area3,TRUE,"Enemy2,Enemy3,Enemy7",0,1808,2643,454,537,20,9,5,6,1.93E+11,6,TRUE,1,1,4,1.080,20,1.16E+12
9999,148,Area4,TRUE,"Enemy1,Enemy2,Enemy5",0,1810,2647,455,538,20,9,5,6,1.50E+11,8,TRUE,1,1,4,1.080,25,1.20E+12
9999,149,Area1,TRUE,"Enemy2,Enemy5,Enemy6",0,1812,2651,455,539,20,9,5,6,2.08E+11,6,TRUE,1,1,4,1.080,20,1.25E+12
9999,150,Area2,TRUE,"Enemy1,Enemy2,Enemy3",0,1814,2655,456,540,20,9,5,6,2.16E+11,6,TRUE,1,1,4,1.080,50,1.29E+12
9999,151,Area3,TRUE,"Enemy1,Enemy2,Enemy5",0,1816,2659,457,541,20,9,5,6,1.68E+11,8,TRUE,1,1,4,1.080,15,1.34E+12
9999,152,Area4,TRUE,"Enemy1,Enemy4,Enemy6",0,1818,2663,458,542,20,9,5,6,1.99E+11,7,TRUE,1,1,4,1.080,15,1.39E+12
9999,153,Area1,TRUE,"Enemy1,Enemy6,Enemy7",0,1820,2667,458,543,20,9,5,6,1.81E+11,8,TRUE,1,1,4,1.080,20,1.45E+12
9999,154,Area2,TRUE,"Enemy2,Enemy3,Enemy7",0,1822,2671,459,544,20,9,5,6,2.15E+11,7,TRUE,1,1,4,1.080,25,1.50E+12
9999,155,Area3,TRUE,"Enemy1,Enemy5,Enemy6",0,1824,2675,460,545,20,9,5,6,2.60E+11,6,TRUE,1,1,4,1.080,20,1.56E+12
9999,156,Area4,TRUE,"Enemy3,Enemy6,Enemy7",0,1826,2679,461,546,20,9,5,6,3.24E+11,5,TRUE,1,1,4,1.080,50,1.62E+12
9999,157,Area1,TRUE,"Enemy2,Enemy4,Enemy8",0,1828,2683,461,547,20,9,5,6,2.80E+11,6,TRUE,1,1,4,1.080,15,1.68E+12
9999,158,Area2,TRUE,"Enemy2,Enemy6,Enemy7",0,1830,2687,462,548,20,9,5,6,2.91E+11,6,TRUE,1,1,4,1.080,15,1.74E+12
9999,159,Area3,TRUE,"Enemy1,Enemy2,Enemy4",0,1832,2691,463,549,20,9,5,6,2.59E+11,7,TRUE,1,1,4,1.080,20,1.81E+12
9999,160,Area4,TRUE,"Enemy4,Enemy5,Enemy6",0,1834,2695,464,550,20,9,5,6,3.13E+11,6,TRUE,1,1,4,1.080,25,1.88E+12
9999,161,Area1,TRUE,"Enemy1,Enemy3,Enemy8",0,1836,2699,464,551,20,9,5,6,3.25E+11,6,TRUE,1,1,4,1.080,20,1.95E+12
9999,162,Area2,TRUE,"Enemy4,Enemy6,Enemy7",0,1838,2703,465,552,20,9,5,6,2.53E+11,8,TRUE,1,1,4,1.080,50,2.02E+12
9999,163,Area3,TRUE,"Enemy6,Enemy7,Enemy8",0,1840,2707,466,553,20,9,5,6,4.20E+11,5,TRUE,1,1,4,1.080,15,2.10E+12
9999,164,Area4,TRUE,"Enemy1,Enemy2,Enemy7",0,1842,2711,467,554,20,9,5,6,3.12E+11,7,TRUE,1,1,4,1.080,15,2.18E+12
9999,165,Area1,TRUE,"Enemy2,Enemy7,Enemy8",0,1844,2715,467,555,20,9,5,6,2.83E+11,8,TRUE,1,1,4,1.080,20,2.26E+12
9999,166,Area2,TRUE,"Enemy1,Enemy2,Enemy5",0,1846,2719,468,556,20,9,5,6,3.36E+11,7,TRUE,1,1,4,1.080,25,2.35E+12
9999,167,Area3,TRUE,"Enemy2,Enemy3,Enemy6",0,1848,2723,469,557,20,9,5,6,4.06E+11,6,TRUE,1,1,4,1.080,20,2.44E+12
9999,168,Area4,TRUE,"Enemy5,Enemy7,Enemy8",0,1850,2727,470,558,20,9,5,6,5.06E+11,5,TRUE,1,1,4,1.080,50,2.53E+12
9999,169,Area1,TRUE,"Enemy2,Enemy5,Enemy8",0,1852,2731,470,559,20,9,5,6,3.75E+11,7,TRUE,1,1,4,1.080,15,2.63E+12
9999,170,Area2,TRUE,"Enemy1,Enemy7,Enemy8",0,1854,2735,471,560,20,9,5,6,4.55E+11,6,TRUE,1,1,4,1.080,15,2.73E+12
9999,171,Area3,TRUE,"Enemy1,Enemy3,Enemy4",0,1856,2739,472,561,20,9,5,6,3.54E+11,8,TRUE,1,1,4,1.080,20,2.83E+12
9999,172,Area4,TRUE,"Enemy2,Enemy3,Enemy8",0,1858,2743,473,562,20,9,5,6,4.90E+11,6,TRUE,1,1,4,1.080,25,2.94E+12
9999,173,Area1,TRUE,"Enemy3,Enemy4,Enemy5",0,1860,2747,473,563,20,9,5,6,5.08E+11,6,TRUE,1,1,4,1.080,20,3.05E+12
9999,174,Area2,TRUE,"Enemy1,Enemy5,Enemy8",0,1862,2751,474,564,20,9,5,6,4.52E+11,7,TRUE,1,1,4,1.080,50,3.17E+12
9999,175,Area3,TRUE,"Enemy3,Enemy6,Enemy8",0,1864,2755,475,565,20,9,5,6,4.70E+11,7,TRUE,1,1,4,1.080,15,3.29E+12
9999,176,Area4,TRUE,"Enemy4,Enemy6,Enemy5",0,1866,2759,476,566,20,9,5,6,6.82E+11,5,TRUE,1,1,4,1.080,15,3.41E+12
9999,177,Area1,TRUE,"Enemy2,Enemy3,Enemy8",0,1868,2763,476,567,20,9,5,6,5.90E+11,6,TRUE,1,1,4,1.080,20,3.54E+12
9999,178,Area2,TRUE,"Enemy4,Enemy5,Enemy6",0,1870,2767,477,568,20,9,5,6,5.25E+11,7,TRUE,1,1,4,1.080,25,3.68E+12
9999,179,Area3,TRUE,"Enemy3,Enemy4,Enemy8",0,1872,2771,478,569,20,9,5,6,6.36E+11,6,TRUE,1,1,4,1.080,20,3.82E+12
9999,180,Area4,TRUE,"Enemy2,Enemy3,Enemy4",0,1874,2775,479,570,20,9,5,6,6.61E+11,6,TRUE,1,1,4,1.080,50,3.97E+12
9999,181,Area1,TRUE,"Enemy4,Enemy5,Enemy8",0,1876,2779,479,571,20,9,5,6,5.91E+11,7,TRUE,1,1,4,1.080,15,4.13E+12
9999,182,Area2,TRUE,"Enemy1,Enemy7,Enemy8",0,1878,2783,480,572,20,9,5,6,5.40E+11,8,TRUE,1,1,4,1.080,15,4.32E+12
9999,183,Area3,TRUE,"Enemy5,Enemy6,Enemy7",0,1880,2787,481,573,20,9,5,6,6.45E+11,7,TRUE,1,1,4,1.080,20,4.52E+12
9999,184,Area4,TRUE,"Enemy3,Enemy4,Enemy7",0,1882,2791,482,574,20,9,5,6,6.76E+11,7,TRUE,1,1,4,1.080,25,4.73E+12
9999,185,Area1,TRUE,"Enemy4,Enemy7,Enemy8",0,1884,2795,482,575,20,9,5,6,8.28E+11,6,TRUE,1,1,4,1.080,20,4.97E+12
9999,186,Area2,TRUE,"Enemy3,Enemy5,Enemy7",0,1886,2799,483,576,20,9,5,6,6.53E+11,8,TRUE,1,1,4,1.080,50,5.23E+12
9999,187,Area3,TRUE,"Enemy1,Enemy4,Enemy6",0,1888,2803,484,577,20,9,5,6,6.89E+11,8,TRUE,1,1,4,1.080,15,5.51E+12
9999,188,Area4,TRUE,"Enemy3,Enemy5,Enemy8",0,1890,2807,485,578,20,9,5,6,9.70E+11,6,TRUE,1,1,4,1.080,15,5.82E+12
9999,189,Area1,TRUE,"Enemy2,Enemy4,Enemy6",0,1892,2811,485,579,20,9,5,6,1.23E+12,5,TRUE,1,1,4,1.080,20,6.16E+12
9999,190,Area2,TRUE,"Enemy5,Enemy6,Enemy7",0,1894,2815,486,580,20,9,5,6,1.09E+12,6,TRUE,1,1,4,1.080,25,6.52E+12